_C_0.01
c0.01
_C_0.01
linear_C_0.01
_C_0.01
linear_C_0.05
_C_0.01
linear_C_0.1
_C_0.01
linear_C_0.2
_C_0.01
linearAP
_C_0.01
logisticl1
0.345977118044
0.231322125128
0.307513061194
0.0874390324922
0.141211319893
0.284844044333
0.258154693369
0.320556513391
0.192109042049
0.513051691568
0.114819597589
0.287546833001
0.0938097126203
0.278531009289
0.526172282696
0.0662014367328
0.513223424352
0.0573567753177
0.255267206594
0.163665978855
_C_0.01
logisticl2
0.809794700976
0.555808041043
0.784799455307
0.674492726781
0.293802220612
0.736514918059
0.570857345164
0.756080752809
0.513062217804
0.210168537888
0.371047154149
0.717737819395
0.424226560389
0.618153097017
0.872603444617
0.240732929799
0.531970065134
0.252051651856
0.728768577609
0.57256346589
_C_0.01
parse.py
_C_0.01
poly2
0.86915862129
0.601123172564
0.813325762066
0.756053479261
0.408041941133
0.827597298444
0.598583666826
0.785446487433
0.56382678653
0.381387871799
0.480616068517
0.721532459247
0.572593942642
0.662180473444
0.869507563183
0.397531946158
0.581385109538
0.381858917801
0.787304194302
0.715239239403
_C_0.01
poly2_C0.05
_C_0.01
poly3
0.849174060546
0.658732521925
0.764790217974
0.73668533274
0.426834678823
0.850438511276
0.647644436332
0.800678038075
0.596262604652
0.065029362125
0.326226093588
0.674778988829
0.592878401368
0.755871744984
0.87665006647
0.330069921461
0.6815831629
0.190660099091
0.827854863418
0.725140196459
_C_0.01
poly3_C0.05
