linear_C_0.01
0.904497052016
0.688996300327
0.8459796281
0.787886938271
0.422513531071
0.860678863522
0.652044948189
0.852904320334
0.603098394736
0.486761676095
0.500332063072
0.761465851995
0.657360384411
0.740797549637
0.897378320502
0.419334376047
0.689614340634
0.423958941231
0.867778659851
0.734505303977
linear_C_0.05
0.907041091699
0.694295113709
0.838534730599
0.797549608209
0.417227502305
0.875198233134
0.671023364013
0.854552647805
0.610496021202
0.486404668186
0.507387090376
0.769175224496
0.687560719963
0.762801773977
0.898498331306
0.41090118108
0.675884230935
0.423805917523
0.870212621337
0.732447316171
linear_C_0.1
0.907847327115
0.678650603009
0.833166932986
0.796615091097
0.409093440815
0.871618430962
0.665862593639
0.849679132449
0.607268486961
0.48610850483
0.508487259336
0.767979777677
0.688986460892
0.760906277351
0.895690570082
0.400709925055
0.665962111454
0.420199831422
0.868204663137
0.723654018467
linear_C_0.2
0.904334424309
0.655156675025
0.826637325251
0.791279241854
0.399894292092
0.863045997765
0.653956630706
0.842837004248
0.594600491383
0.475249576413
0.503004924816
0.76126252196
0.681980064777
0.753496838816
0.891791620714
0.387855934731
0.659713716615
0.414714167441
0.862982812422
0.708900772793
linearAP
logisticl1
logisticl2
parse.py
poly2
poly2_C0.05
poly3
poly3_C0.05
