poly2_C0.05

0.87735504417
0.664955314795
0.819576823793
0.769136218837
0.358840373822
0.838388986691
0.627180288338
0.822732450088
0.594876634075
0.156816224236
0.483852353785
0.727450981049
0.627461305107
0.728158470306
0.870700270856
0.308856164457
0.672626475587
0.381868429766
0.841821304473
0.719215778849
poly3_C0.05

0.88220179054
0.662698901741
0.818558136325
0.777587735824
0.426811470473
0.848952728501
0.656086464515
0.832247507986
0.593966517275
0.382134344557
0.445954807726
0.740948866814
0.627447261811
0.741939818121
0.876739765289
0.425260118585
0.681550539845
0.371214185695
0.851128206957
0.714533559845
